float a[14][3], b[14][3];
float gain_in[14], gain_out;
float x, y;
float w[14][3];
int num_sections;

a[0][0] = 1.0000000000f;
a[0][1] = -1.8587930202f;
a[0][2] = 0.8947036266f;
b[0][0] = 0.0102368873f;
b[0][1] = 0.0204737745f;
b[0][2] = 0.0102368873f;

a[1][0] = 1.0000000000f;
a[1][1] = -1.7318090200f;
a[1][2] = 0.7652663589f;
b[1][0] = 0.0117549654f;
b[1][1] = 0.0235099308f;
b[1][2] = 0.0117549654f;

a[2][0] = 1.0000000000f;
a[2][1] = -1.6598585844f;
a[2][2] = 0.6919259429f;
b[2][0] = 0.0081234518f;
b[2][1] = 0.0162469037f;
b[2][2] = 0.0081234518f;

a[3][0] = 1.0000000000f;
a[3][1] = -1.6454161406f;
a[3][2] = 0.6772044897f;
b[3][0] = 0.0081561487f;
b[3][1] = 0.0163122974f;
b[3][2] = 0.0081561487f;

a[4][0] = 1.0000000000f;
a[4][1] = -1.6887042522f;
a[4][2] = 0.7213288546f;
b[4][0] = 0.0086395284f;
b[4][1] = 0.0172790568f;
b[4][2] = 0.0086395284f;

a[5][0] = 1.0000000000f;
a[5][1] = -1.7887865305f;
a[5][2] = 0.8233446479f;
b[5][0] = 0.0048795585f;
b[5][1] = 0.0097591169f;
b[5][2] = 0.0048795585f;

a[6][0] = 1.0000000000f;
a[6][1] = -1.9402335882f;
a[6][2] = 0.9777175188f;
b[6][0] = 0.0067937318f;
b[6][1] = 0.0135874636f;
b[6][2] = 0.0067937318f;

a[7][0] = 1.0000000000f;
a[7][1] = -1.8222392797f;
a[7][2] = 0.8574437499f;
b[7][0] = 0.0122307166f;
b[7][1] = 0.0244614333f;
b[7][2] = 0.0122307166f;

a[8][0] = 1.0000000000f;
a[8][1] = -1.7084906101f;
a[8][2] = 0.7414974570f;
b[8][0] = 0.0133832144f;
b[8][1] = 0.0267664287f;
b[8][2] = 0.0133832144f;

a[9][0] = 1.0000000000f;
a[9][1] = -1.6508331299f;
a[9][2] = 0.6827261448f;
b[9][0] = 0.0445487164f;
b[9][1] = 0.0890974328f;
b[9][2] = 0.0445487164f;

a[10][0] = 1.0000000000f;
a[10][1] = -0.8218051195f;
a[10][2] = 0.0000000000f;
b[10][0] = 0.0161556378f;
b[10][1] = 0.0161556378f;
b[10][2] = 0.0000000000f;

a[11][0] = 1.0000000000f;
a[11][1] = -1.6724863052f;
a[11][2] = 0.7047976255f;
b[11][0] = 0.0084937457f;
b[11][1] = 0.0169874914f;
b[11][2] = 0.0084937457f;

a[12][0] = 1.0000000000f;
a[12][1] = -1.7586026192f;
a[12][2] = 0.7925776243f;
b[12][0] = 0.0091046412f;
b[12][1] = 0.0182092823f;
b[12][2] = 0.0091046412f;

a[13][0] = 1.0000000000f;
a[13][1] = -1.8982224464f;
a[13][2] = 0.9348948002f;
b[13][0] = 0.2517420650f;
b[13][1] = 0.5034841299f;
b[13][2] = 0.2517420650f;

gain_in[0] = 0.0195764564f;
gain_in[1] = 1.0f;
gain_in[2] = 1.0f;
gain_in[3] = 1.0f;
gain_in[4] = 1.0f;
gain_in[5] = 1.0f;
gain_in[6] = 1.0f;
gain_in[7] = 1.0f;
gain_in[8] = 1.0f;
gain_in[9] = 1.0f;
gain_in[10] = 1.0f;
gain_in[11] = 1.0f;
gain_in[12] = 1.0f;
gain_in[13] = 1.0f;
gain_out = 1.0f;
